4294967279,332
4294967278,329
4294967278,328
4294967278,327
4294967279,331
4294967279,330
4294967279,329
4294967278,326
4294967278,325
4294967278,548
4294967278,547
4294967278,546
4294967278,545
4294967294,1260
4294967278,544
4294967278,543
4294967278,542
4294967278,541
4294967278,540
4294967278,539
4294967294,1258
4294967278,538
4294967278,537
4294967278,536
4294967278,535
4294967278,534
4294967278,533
4294967278,532
4294967294,1257
4294967278,531
4294967278,530
4294967294,1364
4294967278,529
4294967294,1363
4294967294,1362
4294967278,528
4294967294,1361
4294967294,1256
4294967278,527
4294967294,1360
4294967278,526
4294967294,1359
4294967278,525
4294967294,1358
4294967294,1357
4294967278,524
4294967294,1356
4294967278,523
4294967294,1354
4294967278,522
4294967294,1353
4294967278,521
4294967294,1255
4294967294,1352
4294967294,1351
4294967278,520
4294967294,1350
4294967294,1254
4294967278,519
4294967294,1349
4294967278,518
4294967294,1348
4294967294,1347
4294967278,517
4294967294,1346
4294967278,516
4294967294,1345
4294967278,515
4294967294,1344
4294967278,514
4294967294,319
4294967294,318
4294967278,513
4294967294,317
4294967278,512
4294967294,316
4294967278,511
4294967294,315
4294967294,314
4294967278,510
4294967294,313
4294967278,509
4294967294,312
4294967278,508
4294967294,311
4294967294,310
4294967278,507
4294967294,309
4294967278,506
4294967294,308
4294967278,505
4294967294,307
4294967294,306
4294967278,504
4294967294,305
4294967278,503
4294967294,304
4294967294,303
4294967278,502
4294967294,302
4294967278,501
4294967294,301
4294967294,300
4294967278,500
4294967294,1245
4294967294,299
4294967278,499
4294967294,298
4294967278,498
4294967294,297
4294967294,296
4294967278,497
4294967294,295
4294967278,496
4294967294,294
4294967278,495
4294967294,293
4294967294,1243
4294967294,292
4294967278,494
4294967294,291
4294967278,493
4294967294,290
4294967278,492
4294967294,289
4294967294,288
4294967278,491
4294967294,287
4294967279,328
4294967278,490
4294967294,286
4294967278,489
4294967294,284
4294967278,488
4294967294,283
4294967278,487
4294967294,282
4294967278,486
4294967294,281
4294967294,280
4294967278,485
4294967294,279
4294967278,484
4294967294,278
4294967278,483
4294967294,277
4294967294,580
4294967278,482
4294967294,276
4294967294,275
4294967278,481
4294967294,274
4294967278,480
4294967294,273
4294967294,272
4294967278,479
4294967294,271
4294967278,478
4294967294,270
4294967278,477
4294967278,476
4294967294,268
4294967294,578
4294967294,267
4294967278,324
4294967278,475
4294967294,266
4294967278,474
4294967294,265
4294967294,264
4294967278,473
4294967294,263
4294967278,472
4294967294,262
4294967294,261
4294967278,471
4294967294,260
4294967278,470
4294967294,259
4294967278,469
4294967294,258
4294967294,577
4294967294,257
4294967278,468
4294967294,256
4294967278,467
4294967294,255
4294967294,254
4294967278,466
4294967294,253
4294967278,465
4294967294,252
4294967294,251
4294967278,464
4294967294,250
4294967278,463
4294967294,249
4294967278,462
4294967294,248
4294967294,247
4294967278,461
4294967294,246
4294967278,460
4294967294,1471
4294967294,245
4294967278,459
4294967294,244
4294967294,243
4294967278,458
4294967294,1470
4294967294,242
4294967278,457
4294967294,241
4294967294,1469
4294967294,240
4294967278,456
4294967294,239
4294967278,455
4294967294,238
4294967294,237
4294967278,454
4294967294,236
4294967278,453
4294967294,235
4294967278,452
4294967294,234
4294967294,233
4294967278,451
4294967294,232
4294967278,450
4294967294,1468
4294967294,231
4294967278,449
4294967294,230
4294967278,448
4294967294,229
4294967294,228
4294967278,447
4294967294,227
4294967278,446
4294967294,226
4294967294,1467
4294967278,445
4294967294,225
4294967294,224
4294967278,444
4294967294,223
4294967278,443
4294967294,222
4294967278,442
4294967294,221
4294967294,220
4294967278,441
4294967294,1466
4294967294,219
4294967278,440
4294967294,218
4294967294,217
4294967278,439
4294967294,216
4294967278,438
4294967294,215
4294967294,1465
4294967278,437
4294967294,214
4294967294,213
4294967278,436
4294967294,212
4294967278,435
4294967294,211
4294967294,210
4294967278,434
4294967294,209
4294967278,433
4294967294,208
4294967278,432
4294967294,207
4294967294,206
4294967278,431
4294967294,205
4294967278,430
4294967294,204
4294967294,203
4294967278,429
4294967294,202
4294967278,428
4294967294,201
4294967294,1464
4294967278,427
4294967294,200
4294967294,199
4294967278,426
4294967294,198
4294967278,425
4294967294,197
4294967294,196
4294967278,424
4294967278,423
4294967294,194
4294967278,422
4294967294,193
4294967294,192
4294967278,421
4294967294,1599
4294967294,1463
4294967294,1462
4294967294,1461
4294967278,420
4294967294,1460
4294967294,1598
4294967278,419
4294967294,1459
4294967294,1597
4294967278,418
4294967294,1596
4294967294,1595
4294967278,417
4294967294,1594
4294967278,416
4294967294,1593
4294967278,415
4294967294,1592
4294967294,1458
4294967278,414
4294967294,1591
4294967294,1590
4294967278,413
4294967294,1589
4294967278,412
4294967294,1588
4294967294,1587
4294967278,411
4294967294,1586
4294967278,410
4294967294,1585
4294967278,409
4294967294,1584
4294967294,1457
4294967294,1583
4294967278,408
4294967294,1582
4294967278,407
4294967294,1581
4294967278,406
4294967294,1580
4294967294,1579
4294967278,405
4294967294,1578
4294967278,404
4294967294,1577
4294967294,1576
4294967278,403
4294967294,1575
4294967278,402
4294967294,1574
4294967294,1573
4294967278,401
4294967294,1456
4294967294,1572
4294967278,400
4294967294,1571
4294967278,399
4294967294,1570
4294967294,1569
4294967278,398
4294967294,1568
4294967294,1455
4294967278,397
4294967294,1567
4294967294,1566
4294967278,396
4294967294,1565
4294967278,395
4294967294,1564
4294967278,394
4294967294,1563
4294967294,1562
4294967278,393
4294967294,1561
4294967278,392
4294967294,1560
4294967294,1559
4294967278,391
4294967294,1558
4294967278,390
4294967294,1557
4294967294,1454
4294967278,389
4294967294,1556
4294967294,1555
4294967278,388
4294967294,1554
4294967278,387
4294967294,1553
4294967294,1552
4294967278,386
4294967294,1551
4294967278,385
4294967294,1550
4294967278,384
4294967294,1549
4294967294,1548
4294967278,323
4294967294,1453
4294967294,1547
4294967278,322
4294967294,1546
4294967278,321
4294967294,1545
4294967278,320
4294967294,1544
4294967294,1543
4294967294,1452
4294967278,319
4294967294,1542
4294967278,318
4294967294,1451
