0,295
0,62
0,61
0,292
0,291
0,290
0,57
10,303
10,302
10,301
10,300
10,299
10,298
10,297
11,28
10,296
10,295
8,17
10,294
10,293
10,292
10,291
10,290
10,289
10,288
10,287
10,286
11,27
10,285
10,284
10,283
10,282
10,281
10,280
10,279
10,278
10,277
10,276
10,275
10,274
10,273
9,7
10,272
11,26
10,271
10,270
10,269
10,268
10,267
10,266
10,265
10,264
10,263
10,262
10,261
10,260
8,16
10,259
10,258
10,257
10,256
11,25
10,255
10,254
10,253
10,252
10,251
11,24
10,250
10,249
10,248
10,247
10,246
10,245
10,244
10,243
10,242
10,241
10,240
10,239
11,23
10,238
10,237
8,15
10,236
10,235
10,234
10,233
10,232
8,14
10,231
10,230
10,229
10,228
10,227
10,226
10,225
11,22
10,224
10,223
10,222
10,221
10,220
10,219
10,218
10,217
10,216
10,215
11,21
10,214
10,213
10,212
10,211
10,210
10,209
10,208
8,13
8,12
11,20
10,207
10,206
10,205
10,204
10,203
10,202
10,201
10,200
10,199
10,198
10,197
11,19
10,196
10,195
10,194
0,463
10,193
10,192
0,462
10,191
0,461
10,190
10,189
0,460
10,188
0,459
10,187
10,186
0,458
10,185
0,457
10,184
10,183
0,456
10,182
11,18
0,455
10,181
0,454
10,180
10,179
0,453
8,11
10,178
0,452
10,177
9,6
10,176
0,451
10,175
10,174
0,450
10,173
0,449
10,172
10,171
0,448
10,170
0,447
10,169
10,168
0,446
10,167
0,445
10,166
11,17
